     0/9     688/688     0.126     0.191      5.71     0.279      6.31        16     0.706      0.402      0.289      0.178      0.333      0.707
     1/9     688/688    0.0995    0.0433     0.254     0.133      0.53         8    0.0206      0.524      0.473      0.392      0.497      0.536
     2/9     688/688    0.0777    0.0412     0.224     0.105     0.448         8    0.0207      0.547       0.54      0.463      0.539      0.472
     3/9     688/688    0.0649    0.0371     0.201    0.0932     0.396        13    0.0242      0.554      0.622      0.565      0.586      0.435
     4/9     688/688    0.0573     0.038     0.187    0.0848     0.367         9    0.0187      0.704      0.549      0.501       0.61      0.429
     5/9     688/688    0.0547    0.0368     0.184     0.076     0.351         9    0.0181      0.577      0.634       0.58      0.604      0.402
     6/9     688/688    0.0532    0.0367     0.172    0.0713     0.333         4    0.0212      0.638      0.634      0.588      0.634      0.373
     7/9     688/688    0.0519    0.0356     0.166    0.0722     0.326         7    0.0218      0.704       0.62      0.584      0.656      0.379
     8/9     688/688    0.0506    0.0279     0.158    0.0625     0.299        11    0.0216      0.682      0.629      0.583      0.653      0.358
     9/9     688/688    0.0489     0.027     0.156    0.0566     0.289         9    0.0209      0.668      0.642      0.599      0.653      0.355
